1234567890123456789012345678901234567890
2345678901234567890123456789012345678901
3456789012345678901234567890123456789012
4567890123456789012345678901234567890123
5678901234567890123456789012345678901234
6789012345678901234567890123456789012345
7890123456789012345678901234567890123456
8901234567890123456789012345678901234567
9012345678901234567890123456789012345678
0123456789012345678901234567890123456789
1111222233334444555566667777888899990000
2222333344445555666677778888999900001111
3333444455556666777788889999000011112222
4444555566667777888899990000111122223333
5555666677778888999900001111222233334444
6666777788889999000011112222333344445555
7777888899990000111122223333444455556666
8888999900001111222233334444555566667777
9999000011112222333344445555666677778888
0000111122223333444455556666777788889999
